time-10000 :    [0 0 0 0] --> [2.3930333, 2.7485108] --> [1, 1, 1, 1, 1] --> r: [0, 0, 0, 0, 0]
           true already packets: [60, 60, 60, 60, 60]
           opp_buffers: [60, 60, 60, 60]
