time-10000 :    [0 0 0 0] --> [4.1689987, 5.389106] --> [1, 1, 1, 1, 1] --> r: [0, 0, 0, 0, 0]
           true already packets: [60, 60, 60, 60, 60]
           opp_buffers: [60, 60, 60, 60]
